160	0	29	1
ROADMAP 121
ROADMAP 122
ROADMAP 123
ROADMAP 124
ROADMAP 125
ROADMAP 126
126	2551	2515	2521
126	2554	2488	2489
ROADMAP 127
ROADMAP 128
ROADMAP 129
ROADMAP 130
41	4957	0	65
ROADMAP 131
ROADMAP 132
89	2514	128	135
ROADMAP 133
ROADMAP 134
ROADMAP 135
ROADMAP 136
ROADMAP 137
ROADMAP 138
91	2431	0	72
91	2514	226	235
91	2554	275	326
91	2640	412	437
ROADMAP 139
45	2295	0	71
ROADMAP 140
-135	8374	2599	2528
ROADMAP 141
-125	0	70	-1
141	1131	1081	1105
141	3376	3340	3348
ROADMAP 142
ROADMAP 143
-140	1971	5356	5320
-140	2006	5266	5262
-140	2035	5233	5231
ROADMAP 144
ROADMAP 145
ROADMAP 146
ROADMAP 147
45	0	23516	23579
ROADMAP 148
ROADMAP 149
ROADMAP 150
129	0	4404	4475
-91	2395	6151	6080
ROADMAP 151
42	28	15842	15847
42	140	15959	16029
42	169	16058	16099
ROADMAP 152
ROADMAP 81
ROADMAP 82
ROADMAP 83
ROADMAP 84
ROADMAP 85
ROADMAP 86
ROADMAP 87
1	4384	18101	18102
ROADMAP 88
ROADMAP 89
89	814	779	786
ROADMAP 90
ROADMAP 91
ROADMAP 92
ROADMAP 93
ROADMAP 94
ROADMAP 95
ROADMAP 96
ROADMAP 97
-140	3892	5359	5320
143	3892	1971	1977
-47	3900	3828	3813
-140	3900	5272	5269
143	3936	2053	2062
ROADMAP 98
98	4440	4428	4440
98	4440	4428	4440
98	4440	4428	4440
98	4440	4428	4440
98	4440	4428	4435
132	5641	0	71
ROADMAP 99
ROADMAP 100
-121	5115	3812	3741
ROADMAP 101
ROADMAP 102
ROADMAP 103
ROADMAP 104
49	2289	4424	4428
49	2322	4423	4428
104	2322	2289	2290
ROADMAP 105
105	249	216	232
105	278	228	244
105	307	240	244
105	307	278	297
-49	4625	13958	13956
143	4625	1970	1971
-140	4625	5356	5350
-49	4625	13956	13934
-140	4632	5321	5318
-49	4655	13907	13900
-86	7349	7080	7009
ROADMAP 106
ROADMAP 107
160	863	1159	1160
160	863	1159	1160
160	863	1159	1160
160	863	1159	1160
160	863	1159	1160
160	863	1159	1160
160	863	1159	1160
160	863	1159	1160
160	863	1159	1160
160	863	1159	1160
160	863	1159	1160
160	863	1159	1160
160	863	1159	1160
160	863	1159	1160
160	863	1159	1160
160	863	1159	1160
160	863	1159	1160
160	863	1159	1160
160	863	1159	1160
160	863	1159	1160
ROADMAP 108
ROADMAP 109
145	4480	0	71
145	4536	168	175
145	4565	204	214
145	4594	243	250
145	4632	288	289
145	4719	376	382
145	4784	447	473
145	4833	522	524
ROADMAP 110
160	6362	1159	1160
160	6362	1159	1160
160	6362	1159	1160
160	6362	1159	1160
160	6362	1159	1160
107	6362	863	864
104	7019	2123	2124
ROADMAP 111
ROADMAP 112
-129	0	70	-1
112	3522	3477	3486
ROADMAP 41
41	15503	15437	15476
ROADMAP 42
ROADMAP 43
ROADMAP 44
ROADMAP 45
ROADMAP 46
46	9306	9205	9218
86	18264	0	8
86	18326	70	74
86	18355	103	117
86	18407	169	187
86	18436	216	231
86	18495	290	293
86	18524	322	326
86	18711	513	524
86	18812	625	626
86	18849	663	734
ROADMAP 47
ROADMAP 48
92	21250	0	71
ROADMAP 49
-82	0	70	-1
49	12237	12086	12092
140	13957	5351	5357
-143	13957	1970	1969
ROADMAP 50
-49	7409	13940	13935
-49	7451	13899	13884
-140	7464	5240	5231
143	7464	2035	2042
140	10014	5202	5203
-143	10015	2062	2051
ROADMAP 51
51	3906	3842	3862
104	10804	0	71
ROADMAP 52
ROADMAP 53
53	335	17	30
53	432	127	129
ROADMAP 54
ROADMAP 55
55	10334	10321	10323
ROADMAP 56
-107	3512	5332	5322
-107	3757	5047	5031
-107	5961	2805	2804
-107	6071	2694	2693
-107	7264	1500	1490
-107	7410	1344	1343
-107	7721	1032	1025
ROADMAP 57
112	12447	132	133
-110	12456	7017	6995
ROADMAP 58
-54	0	14804	14733
58	10156	10120	10130
-140	11554	5363	5320
143	11554	1971	1977
97	11554	3892	3900
-47	11554	3828	3813
-140	11554	5272	5269
143	11586	2042	2049
ROADMAP 59
136	0	3218	3289
-43	6016	4631	4629
ROADMAP 60
-140	710	5273	5271
-49	711	13901	13884
50	711	7451	7462
ROADMAP 61
142	355	1950	1974
142	415	2034	2047
142	465	2097	2116
142	500	2151	2154
142	536	2190	2215
142	565	2244	2248
-143	5271	2062	2051
50	5271	10015	10026
61	8367	8182	8204
ROADMAP 62
-1	0	971	900
143	2254	1969	1971
-140	2254	5356	5348
143	2294	2048	2063
-50	2294	10014	10013
-140	2294	5202	5201
-50	2294	10013	10012
ROADMAP 63
ROADMAP 64
64	9463	9434	9437
ROADMAP 65
93	15852	0	71
93	15937	7746	7761
93	15972	7796	7803
93	16103	7934	8005
ROADMAP 66
ROADMAP 67
-60	0	70	-1
140	7019	5358	5362
-148	8432	2196	2173
ROADMAP 68
68	598	460	462
68	657	521	525
68	706	574	586
ROADMAP 69
69	1930	1789	1803
69	1962	1835	1837
69	2352	1698	1716
118	4879	4641	4651
118	5199	4974	4978
-84	8939	7087	7016
ROADMAP 70
113	12695	4985	4990
70	12743	12646	12655
70	12772	12684	12695
113	12772	4985	4990
70	12772	12695	12706
ROADMAP 71
57	0	13336	13407
71	5202	5192	5193
ROADMAP 72
-45	3828	8187	8183
72	6716	3746	3747
ROADMAP 1
135	99552	0	71
ROADMAP 2
-1	39678	29478	29477
2	48795	48755	48768
ROADMAP 3
3	9547	9505	9521
3	9603	9561	9566
3	9658	9616	9626
3	9669	9600	9603
3	9669	9561	9566
3	9669	9603	9629
3	9680	9535	9547
3	9680	9505	9506
3	38157	38049	38061
3	38206	38002	38020
3	38207	38129	38157
3	38207	38049	38064
3	38252	38205	38206
3	38252	38002	38011
ROADMAP 4
47	0	11150	11221
ROADMAP 5
97	24807	990	1000
-56	45947	10386	10315
ROADMAP 6
160	39406	1157	1160
160	39406	1159	1160
ROADMAP 7
-149	1	2119	2049
7	35745	35217	35247
50	40465	7461	7462
60	40465	711	714
49	40488	13951	13957
140	40488	5351	5359
-2	46279	54815	54744
ROADMAP 8
-97	13575	1115	1113
50	13604	7409	7418
-47	13624	3822	3813
-140	13624	5272	5271
-5	13633	24843	24841
-5	13666	24808	24806
-97	13666	999	974
ROADMAP 9
-49	3418	13938	13935
50	3418	7409	7419
60	3470	719	727
-67	3488	6989	6982
ROADMAP 10
-88	0	596	525
-88	77	448	427
-88	106	398	397
-88	142	361	342
-88	267	217	195
-88	332	130	126
-88	388	70	-1
140	767	5201	5203
50	767	10014	10015
-143	767	2062	2034
140	767	5232	5243
49	794	13901	13902
-60	794	710	709
140	794	5272	5273
47	794	3814	3823
-8	794	13623	13603
-50	794	7417	7409
10	4459	4447	4449
50	6229	10014	10015
-143	6229	2062	2034
140	6229	5232	5243
10	6229	767	782
97	6243	1046	1053
-8	6251	13618	13615
49	6280	13944	13957
140	6280	5351	5357
-143	6280	1970	1969
49	6280	13957	13960
ROADMAP 11
ROADMAP 12
-155	6144	1453	1451
44	22773	0	71
ROADMAP 13
13	30618	30090	30113
13	31010	29977	29979
71	32647	53	56
71	33258	664	666
ROADMAP 14
11	0	22974	23045
-140	6447	5363	5362
110	8965	6361	6362
160	8965	1159	1160
160	8965	1159	1160
160	8965	1159	1160
160	8965	1159	1160
160	8965	1159	1160
160	8965	1159	1160
160	8965	1159	1160
160	8965	1159	1160
160	8965	1159	1160
160	8965	1159	1160
160	8965	1159	1160
160	8965	1159	1160
160	8965	1159	1160
160	8965	1159	1160
160	8965	1159	1160
160	8965	1159	1160
160	8965	1159	1160
160	8965	1159	1160
160	8965	1159	1160
160	8965	1159	1160
160	8965	1159	1160
160	8965	1159	1160
160	8965	1159	1160
160	8965	1159	1160
160	8965	1159	1160
160	8965	1159	1160
160	8965	1159	1160
160	8965	1159	1160
160	8965	1159	1160
160	8965	1159	1160
160	8965	1159	1160
160	8965	1159	1160
160	8965	1159	1160
160	8965	1159	1160
160	8965	1159	1160
160	8965	1159	1160
160	8965	1159	1160
160	8965	1159	1160
160	8965	1159	1161
-49	28920	13959	13956
143	28920	1970	1971
-140	28920	5356	5351
105	28949	4631	4632
-140	28949	5321	5318
105	28949	4632	4655
-49	28949	13907	13896
-45	32209	5935	5933
ROADMAP 15
-69	18988	1802	1792
60	24043	719	727
9	24043	3470	3488
-67	24043	6989	6985
ROADMAP 16
120	0	8582	8653
139	20396	0	71
ROADMAP 17
-69	0	70	-1
ROADMAP 18
18	23036	22962	22976
ROADMAP 19
56	44024	376	380
56	44107	463	470
ROADMAP 20
-122	26	546	495
-122	109	412	369
-122	155	323	306
-122	221	240	222
-122	256	187	129
-122	285	100	99
-122	314	70	-1
ROADMAP 21
-11	0	70	-1
9	17453	3407	3411
105	17492	4650	4655
-49	17492	13907	13884
50	17492	7451	7461
ROADMAP 22
14	412	28922	28925
-22	12994	12993	12992
-85	13704	6528	6523
22	21145	20500	20522
22	21910	21316	21328
-22	22221	22220	22217
-118	24261	1813	1811
9	31119	0	72
-143	40529	2063	2036
140	40566	5267	5273
47	40566	3814	3829
-97	40566	3899	3891
-143	40566	1976	1970
140	40566	5321	5357
-143	40566	1970	1969
49	40566	13957	13958
ROADMAP 23
-54	29	464	458
-54	58	429	389
-54	87	360	359
-54	137	309	296
-54	220	213	191
-54	249	162	157
-54	301	105	92
-54	345	48	-1
23	7088	7040	7060
23	17203	17159	17181
-23	19964	19963	19962
23	33758	33737	33743
23	33787	33766	33773
23	33816	33745	33758
23	33830	33801	33802
23	35049	35034	35049
23	35049	35034	35036
23	35093	35078	35085
23	35122	35084	35085
23	35122	35093	35099
23	35148	35072	35085
23	35148	35093	35099
23	35189	35168	35189
23	35189	35168	35174
23	35219	35198	35199
23	53735	53697	53711
23	54710	54668	54691
53	57050	29	35
53	57142	165	178
23	57211	56953	56954
53	57294	16	35
23	57294	57050	57115
53	57321	181	212
53	57427	0	71
ROADMAP 24
50	0	21441	21512
ROADMAP 25
21	0	17828	17879
21	74	17953	17954
ROADMAP 26
26	552	511	524
-52	15939	13745	13674
ROADMAP 27
92	1975	8868	8884
-10	2068	6280	6279
-49	2068	13959	13957
8	2081	13588	13604
50	2081	7409	7418
8	2081	13604	13624
-47	2081	3822	3813
-140	2081	5272	5271
8	2081	13624	13630
-97	2108	990	977
1	2108	29476	29479
-2	2108	39677	39676
27	16027	16006	16019
116	17337	157	195
116	17395	253	287
ROADMAP 28
85	110	0	17
-70	15165	12867	12796
ROADMAP 29
151	0	2209	2280
-41	27222	18131	18060
ROADMAP 30
ROADMAP 31
-14	0	8919	8866
5	34	24796	24800
-97	4224	5766	5764
97	17602	976	977
-22	17602	435	433
-9	17615	3478	3469
-60	17615	726	724
49	17644	13889	13906
ROADMAP 32
14	0	34875	34946
-140	14571	5360	5351
14	14571	28920	28949
105	14571	4631	4632
-140	14571	5321	5318
105	14571	4632	4655
-49	14571	13907	13902
ROADMAP 153
ROADMAP 154
ROADMAP 155
ROADMAP 156
ROADMAP 157
-153	1479	2190	2119
-153	1607	1868	1861
-153	1645	1823	1816
-153	1687	1774	1771
-153	1767	1691	1681
-153	1796	1652	1643
-153	1829	1610	1609
-153	1981	1457	1435
-153	2010	1406	1396
-153	2096	1310	1288
-153	2137	1247	1243
-153	2361	1019	986
-153	2390	957	886
-153	2478	798	791
ROADMAP 158
ROADMAP 159
159	1458	1385	1430
156	1841	0	72
156	2450	675	682
156	2548	780	783
ROADMAP 160
131	272	0	71
131	300	118	128
131	329	157	173
131	600	506	512
131	725	637	638
131	779	692	698
131	838	757	770
131	867	799	827
131	932	892	899
160	1160	1159	1160
160	1160	1159	1160
160	1160	1159	1160
160	1160	1159	1160
160	1160	1159	1160
160	1160	1159	1160
160	1160	1159	1160
131	1298	1440	1442
131	1357	1501	1503
131	1428	1574	1580
131	1481	1633	1634
131	1511	1664	1670
131	1707	1944	1955
131	1808	2056	2058
ROADMAP 33
72	0	8849	8920
33	5792	5720	5752
ROADMAP 34
81	0	14547	14618
110	5985	6361	6362
160	5985	1159	1160
160	5985	1159	1160
160	5985	1159	1160
160	5985	1159	1160
160	5985	1159	1161
34	18396	18381	18391
-64	25119	10691	10680
-64	25282	10517	10504
-64	25668	10118	10114
-64	25889	9893	9892
-64	26032	9749	9712
ROADMAP 35
52	0	0	71
52	62	133	134
-52	6544	4791	4784
ROADMAP 36
-69	6513	7820	7818
ROADMAP 37
49	0	13903	13908
-105	0	4654	4631
140	0	5319	5322
-105	0	4631	4630
-14	0	28948	28919
140	0	5352	5361
-32	0	14570	14569
52	11113	1157	1185
52	11606	1678	1686
-76	11637	13165	13157
-76	11798	12996	12995
52	11801	1890	1894
-76	11877	12912	12911
-76	11951	12837	12827
52	12046	2150	2160
52	12217	2331	2332
ROADMAP 38
133	12903	0	71
ROADMAP 39
39	665	623	637
39	4386	4356	4357
39	4440	4425	4429
39	4454	4354	4357
39	4454	4386	4390
39	4462	4428	4440
39	4462	4425	4438
39	4494	4351	4355
39	4561	4546	4547
39	4594	4550	4561
39	4594	4546	4547
39	4594	4561	4580
39	8484	8148	8153
-70	11064	7548	7547
-140	16012	5360	5320
143	16012	1971	1977
97	16012	3892	3900
-47	16012	3828	3813
-140	16012	5272	5271
8	16012	13624	13633
-5	16012	24843	24841
-140	16030	5242	5231
143	16030	2035	2036
-140	16059	5201	5197
-102	16955	8305	8239
ROADMAP 40
-143	0	70	-1
-35	7621	3607	3602
ROADMAP 73
-85	7555	141	99
-85	7584	70	-1
ROADMAP 74
114	7945	0	71
ROADMAP 75
43	2516	19777	19781
43	5902	4427	4452
43	5964	4514	4516
ROADMAP 76
-52	13196	1686	1681
-52	13261	1616	1609
ROADMAP 77
110	10620	0	71
ROADMAP 78
ROADMAP 79
134	0	3118	3189
-123	8690	4397	4396
-123	9058	4028	4018
-6	11367	45740	45669
ROADMAP 80
158	873	505	506
122	6973	0	46
ROADMAP 113
113	4985	4957	4958
46	5056	9060	9061
ROADMAP 114
114	1159	1123	1137
ROADMAP 115
-42	434	7589	7563
ROADMAP 116
116	2829	2751	2760
116	2858	2789	2791
-114	4953	4196	4125
ROADMAP 117
-141	4041	4170	4099
ROADMAP 118
ROADMAP 119
148	3967	0	71
ROADMAP 120
-111	0	70	-1
