ID	lgth	out	in	long_cov	short1_cov	short1_Ocov	short2_cov	short2_Ocov	long_nb	short1_nb	short2_nb
1	901	1	0	1.000000	0.000000	0.000000	0.000000	0.000000	1	0	0
2	17200	1	2	1.004128	0.000000	0.000000	0.000000	0.000000	2	0	0
3	11375	1	2	1.000088	0.000000	0.000000	0.000000	0.000000	2	0	0
4	2	1	2	2.000000	0.000000	0.000000	0.000000	0.000000	2	0	0
5	1	2	2	3.000000	0.000000	0.000000	0.000000	0.000000	3	0	0
6	75683	1	1	1.001876	0.000000	0.000000	0.000000	0.000000	3	0	0
7	39677	1	0	1.000000	0.000000	0.000000	0.000000	0.000000	1	0	0
8	1	1	2	2.000000	0.000000	0.000000	0.000000	0.000000	2	0	0
9	9077	1	1	1.000000	0.000000	0.000000	0.000000	0.000000	1	0	0
10	13	2	2	2.000000	0.000000	0.000000	0.000000	0.000000	2	0	0
11	27	1	1	1.000000	0.000000	0.000000	0.000000	0.000000	1	0	0
12	11812	1	1	1.006011	0.000000	0.000000	0.000000	0.000000	2	0	0
13	9505	1	0	1.000000	0.000000	0.000000	0.000000	0.000000	1	0	0
14	1	2	2	3.000000	0.000000	0.000000	0.000000	0.000000	3	0	0
15	15	2	1	2.000000	0.000000	0.000000	0.000000	0.000000	2	0	0
16	14	1	1	1.000000	0.000000	0.000000	0.000000	0.000000	1	0	0
17	12	1	2	2.000000	0.000000	0.000000	0.000000	0.000000	2	0	0
18	14	1	1	1.000000	0.000000	0.000000	0.000000	0.000000	1	0	0
19	5	2	2	3.000000	0.000000	0.000000	0.000000	0.000000	3	0	0
20	34	1	1	1.000000	0.000000	0.000000	0.000000	0.000000	1	0	0
21	3	1	2	2.000000	0.000000	0.000000	0.000000	0.000000	2	0	0
22	13	1	1	2.000000	0.000000	0.000000	0.000000	0.000000	2	0	0
23	10	2	2	3.000000	0.000000	0.000000	0.000000	0.000000	3	0	0
24	3	2	1	2.000000	0.000000	0.000000	0.000000	0.000000	2	0	0
25	29	1	1	1.000000	0.000000	0.000000	0.000000	0.000000	1	0	0
26	11	1	1	1.000000	0.000000	0.000000	0.000000	0.000000	1	0	0
27	11	1	1	1.000000	0.000000	0.000000	0.000000	0.000000	1	0	0
28	28322	1	1	1.000000	0.000000	0.000000	0.000000	0.000000	1	0	0
29	19	1	2	2.473684	0.000000	0.000000	0.000000	0.000000	3	0	0
30	3	2	1	2.000000	0.000000	0.000000	0.000000	0.000000	2	0	0
31	65	1	1	1.000000	0.000000	0.000000	0.000000	0.000000	1	0	0
32	40	2	2	3.000000	0.000000	0.000000	0.000000	0.000000	3	0	0
33	48	1	1	1.000000	0.000000	0.000000	0.000000	0.000000	1	0	0
34	1	1	2	2.000000	0.000000	0.000000	0.000000	0.000000	2	0	0
35	45	1	1	1.000000	0.000000	0.000000	0.000000	0.000000	1	0	0
36	24796	1	0	1.000000	0.000000	0.000000	0.000000	0.000000	1	0	0
37	4	2	2	2.000000	0.000000	0.000000	0.000000	0.000000	2	0	0
38	7	1	1	1.000000	0.000000	0.000000	0.000000	0.000000	1	0	0
39	2	2	2	3.000000	0.000000	0.000000	0.000000	0.000000	3	0	0
40	23769	1	1	1.002987	0.000000	0.000000	0.000000	0.000000	2	0	0
41	39406	1	0	1.000000	0.000000	0.000000	0.000000	0.000000	1	0	0
42	8644	1	1	1.008214	0.000000	0.000000	0.000000	0.000000	2	0	0
43	71	2	0	1.985915	0.000000	0.000000	0.000000	0.000000	2	0	0
44	35216	1	1	1.000000	0.000000	0.000000	0.000000	0.000000	1	0	0
45	30	2	2	2.000000	0.000000	0.000000	0.000000	0.000000	2	0	0
46	498	1	1	1.000000	0.000000	0.000000	0.000000	0.000000	1	0	0
47	4720	1	1	1.000000	0.000000	0.000000	0.000000	0.000000	1	0	0
48	23	1	1	1.000000	0.000000	0.000000	0.000000	0.000000	1	0	0
49	13575	1	0	1.000000	0.000000	0.000000	0.000000	0.000000	1	0	0
50	13	1	1	1.000000	0.000000	0.000000	0.000000	0.000000	1	0	0
51	1	2	2	15.000000	0.000000	0.000000	0.000000	0.000000	15	0	0
52	2	2	1	15.000000	0.000000	0.000000	0.000000	0.000000	15	0	0
53	8	1	1	13.000000	0.000000	0.000000	0.000000	0.000000	13	0	0
54	6	2	1	3.000000	0.000000	0.000000	0.000000	0.000000	3	0	0
55	3	1	1	2.000000	0.000000	0.000000	0.000000	0.000000	2	0	0
56	35	1	1	2.000000	0.000000	0.000000	0.000000	0.000000	2	0	0
57	6930	2	1	1.010390	0.000000	0.000000	0.000000	0.000000	2	0	0
58	3335	1	1	1.000000	0.000000	0.000000	0.000000	0.000000	1	0	0
59	11	1	2	2.000000	0.000000	0.000000	0.000000	0.000000	2	0	0
60	52	1	1	1.000000	0.000000	0.000000	0.000000	0.000000	1	0	0
61	11	2	2	3.181818	0.000000	0.000000	0.000000	0.000000	4	0	0
62	9	1	1	2.000000	0.000000	0.000000	0.000000	0.000000	2	0	0
63	77	1	1	1.000000	0.000000	0.000000	0.000000	0.000000	1	0	0
64	125	1	1	1.000000	0.000000	0.000000	0.000000	0.000000	1	0	0
65	65	1	1	1.000000	0.000000	0.000000	0.000000	0.000000	1	0	0
66	510	1	2	1.256863	0.000000	0.000000	0.000000	0.000000	2	0	0
67	15	2	1	2.000000	0.000000	0.000000	0.000000	0.000000	2	0	0
68	12	1	1	1.000000	0.000000	0.000000	0.000000	0.000000	1	0	0
69	3653	1	1	1.000000	0.000000	0.000000	0.000000	0.000000	1	0	0
70	2	2	2	2.000000	0.000000	0.000000	0.000000	0.000000	2	0	0
71	10	1	1	1.000000	0.000000	0.000000	0.000000	0.000000	1	0	0
72	1770	1	1	1.000000	0.000000	0.000000	0.000000	0.000000	1	0	0
73	14	1	1	1.000000	0.000000	0.000000	0.000000	0.000000	1	0	0
74	8	1	1	1.000000	0.000000	0.000000	0.000000	0.000000	1	0	0
75	110	2	1	1.154545	0.000000	0.000000	0.000000	0.000000	3	0	0
76	46945	1	1	1.003025	0.000000	0.000000	0.000000	0.000000	3	0	0
77	6146	2	0	1.000325	0.000000	0.000000	0.000000	0.000000	2	0	0
78	16700	0	1	1.004251	0.000000	0.000000	0.000000	0.000000	2	0	0
79	29977	1	0	1.000000	0.000000	0.000000	0.000000	0.000000	1	0	0
80	2	2	2	2.000000	0.000000	0.000000	0.000000	0.000000	2	0	0
81	111	1	1	1.000000	0.000000	0.000000	0.000000	0.000000	1	0	0
82	23	2	2	2.000000	0.000000	0.000000	0.000000	0.000000	2	0	0
83	505	1	1	1.000000	0.000000	0.000000	0.000000	0.000000	1	0	0
84	392	1	1	1.000000	0.000000	0.000000	0.000000	0.000000	1	0	0
85	1637	1	1	1.000000	0.000000	0.000000	0.000000	0.000000	1	0	0
86	611	1	1	1.000000	0.000000	0.000000	0.000000	0.000000	1	0	0
87	2420	1	1	1.000000	0.000000	0.000000	0.000000	0.000000	1	0	0
88	98	1	2	1.540816	0.000000	0.000000	0.000000	0.000000	2	0	0
89	19955	1	1	1.000000	0.000000	0.000000	0.000000	0.000000	1	0	0
90	1	2	2	16.000000	0.000000	0.000000	0.000000	0.000000	16	0	0
91	1	1	1	14.000000	0.000000	0.000000	0.000000	0.000000	14	0	0
92	3260	1	1	1.000000	0.000000	0.000000	0.000000	0.000000	1	0	0
93	17307	1	1	1.004102	0.000000	0.000000	0.000000	0.000000	2	0	0
94	18988	1	0	1.000000	0.000000	0.000000	0.000000	0.000000	1	0	0
95	5055	1	1	1.000000	0.000000	0.000000	0.000000	0.000000	1	0	0
96	37349	1	0	1.007604	0.000000	0.000000	0.000000	0.000000	5	0	0
97	22962	1	0	1.000000	0.000000	0.000000	0.000000	0.000000	1	0	0
98	74	1	2	1.189189	0.000000	0.000000	0.000000	0.000000	2	0	0
99	44024	1	0	1.000000	0.000000	0.000000	0.000000	0.000000	1	0	0
100	83	1	1	1.000000	0.000000	0.000000	0.000000	0.000000	1	0	0
101	77	2	0	1.662338	0.000000	0.000000	0.000000	0.000000	2	0	0
102	83	1	1	1.000000	0.000000	0.000000	0.000000	0.000000	1	0	0
103	29	1	1	1.000000	0.000000	0.000000	0.000000	0.000000	1	0	0
104	387	2	1	1.131783	0.000000	0.000000	0.000000	0.000000	2	0	0
105	74	0	1	1.000000	0.000000	0.000000	0.000000	0.000000	1	0	0
106	412	1	0	1.000000	0.000000	0.000000	0.000000	0.000000	1	0	0
107	22	1	1	1.000000	0.000000	0.000000	0.000000	0.000000	1	0	0
108	2	2	2	2.000000	0.000000	0.000000	0.000000	0.000000	2	0	0
109	12557	1	1	1.000000	0.000000	0.000000	0.000000	0.000000	1	0	0
110	1	2	2	2.000000	0.000000	0.000000	0.000000	0.000000	2	0	0
111	715	2	1	1.006993	0.000000	0.000000	0.000000	0.000000	2	0	0
112	6796	1	1	1.000000	0.000000	0.000000	0.000000	0.000000	1	0	0
113	22	2	2	2.000000	0.000000	0.000000	0.000000	0.000000	2	0	0
114	623	1	1	1.000000	0.000000	0.000000	0.000000	0.000000	1	0	0
115	171	1	1	1.000000	0.000000	0.000000	0.000000	0.000000	1	0	0
116	12	2	2	2.000000	0.000000	0.000000	0.000000	0.000000	2	0	0
117	582	1	1	1.000000	0.000000	0.000000	0.000000	0.000000	1	0	0
118	308	1	1	1.000000	0.000000	0.000000	0.000000	0.000000	1	0	0
119	3	2	2	2.000000	0.000000	0.000000	0.000000	0.000000	2	0	0
120	2040	1	1	1.000000	0.000000	0.000000	0.000000	0.000000	1	0	0
121	9411	1	1	1.000106	0.000000	0.000000	0.000000	0.000000	2	0	0
122	37	1	1	1.000000	0.000000	0.000000	0.000000	0.000000	1	0	0
123	83	1	1	1.000000	0.000000	0.000000	0.000000	0.000000	1	0	0
124	6909	1	2	1.030974	0.000000	0.000000	0.000000	0.000000	2	0	0
125	20	2	2	2.000000	0.000000	0.000000	0.000000	0.000000	2	0	0
126	28	1	1	1.000000	0.000000	0.000000	0.000000	0.000000	1	0	0
127	10071	1	1	1.000000	0.000000	0.000000	0.000000	0.000000	1	0	0
128	22	2	2	2.000000	0.000000	0.000000	0.000000	0.000000	2	0	0
129	22	1	1	1.000000	0.000000	0.000000	0.000000	0.000000	1	0	0
130	2760	1	1	1.000000	0.000000	0.000000	0.000000	0.000000	1	0	0
131	1	2	2	2.000000	0.000000	0.000000	0.000000	0.000000	2	0	0
132	13773	1	1	1.000000	0.000000	0.000000	0.000000	0.000000	1	0	0
133	6	1	2	3.000000	0.000000	0.000000	0.000000	0.000000	3	0	0
134	8	1	2	2.000000	0.000000	0.000000	0.000000	0.000000	2	0	0
135	7	3	2	4.000000	0.000000	0.000000	0.000000	0.000000	4	0	0
136	14	1	1	1.000000	0.000000	0.000000	0.000000	0.000000	1	0	0
137	15	2	1	2.000000	0.000000	0.000000	0.000000	0.000000	2	0	0
138	14	1	1	1.000000	0.000000	0.000000	0.000000	0.000000	1	0	0
139	1204	1	1	1.000000	0.000000	0.000000	0.000000	0.000000	1	0	0
140	2	2	2	3.000000	0.000000	0.000000	0.000000	0.000000	3	0	0
141	13	1	1	2.000000	0.000000	0.000000	0.000000	0.000000	2	0	0
142	23	1	1	1.000000	0.000000	0.000000	0.000000	0.000000	1	0	0
143	6	1	2	2.000000	0.000000	0.000000	0.000000	0.000000	2	0	0
144	6	1	2	3.000000	0.000000	0.000000	0.000000	0.000000	3	0	0
145	1	2	2	4.000000	0.000000	0.000000	0.000000	0.000000	4	0	0
146	8	1	1	1.000000	0.000000	0.000000	0.000000	0.000000	1	0	0
147	6	3	1	3.000000	0.000000	0.000000	0.000000	0.000000	3	0	0
148	23	1	1	1.000000	0.000000	0.000000	0.000000	0.000000	1	0	0
149	26	1	1	1.000000	0.000000	0.000000	0.000000	0.000000	1	0	0
150	20	1	1	1.000000	0.000000	0.000000	0.000000	0.000000	1	0	0
151	6	2	2	3.000000	0.000000	0.000000	0.000000	0.000000	3	0	0
152	15	1	1	2.000000	0.000000	0.000000	0.000000	0.000000	2	0	0
153	9	1	1	1.000000	0.000000	0.000000	0.000000	0.000000	1	0	0
154	1	2	2	2.000000	0.000000	0.000000	0.000000	0.000000	2	0	0
155	20	1	1	1.000000	0.000000	0.000000	0.000000	0.000000	1	0	0
156	18478	1	1	1.000000	0.000000	0.000000	0.000000	0.000000	1	0	0
157	14	2	2	2.000000	0.000000	0.000000	0.000000	0.000000	2	0	0
158	24	1	1	1.000000	0.000000	0.000000	0.000000	0.000000	1	0	0
159	933	1	1	1.000000	0.000000	0.000000	0.000000	0.000000	1	0	0
160	23	2	2	2.000000	0.000000	0.000000	0.000000	0.000000	2	0	0
161	19	1	1	1.000000	0.000000	0.000000	0.000000	0.000000	1	0	0
162	2243	1	1	1.000000	0.000000	0.000000	0.000000	0.000000	1	0	0
163	1	2	2	2.000000	0.000000	0.000000	0.000000	0.000000	2	0	0
164	96	1	1	1.000000	0.000000	0.000000	0.000000	0.000000	1	0	0
165	65	2	1	2.000000	0.000000	0.000000	0.000000	0.000000	2	0	0
166	27	1	1	1.000000	0.000000	0.000000	0.000000	0.000000	1	0	0
167	69	1	1	1.000000	0.000000	0.000000	0.000000	0.000000	1	0	0
168	83	1	1	1.000000	0.000000	0.000000	0.000000	0.000000	1	0	0
169	27	1	1	1.000000	0.000000	0.000000	0.000000	0.000000	1	0	0
170	122	1	1	1.131148	0.000000	0.000000	0.000000	0.000000	2	0	0
171	74	0	1	1.000000	0.000000	0.000000	0.000000	0.000000	1	0	0
172	511	1	0	1.000000	0.000000	0.000000	0.000000	0.000000	1	0	0
173	13	2	2	2.000000	0.000000	0.000000	0.000000	0.000000	2	0	0
174	28	1	1	1.000000	0.000000	0.000000	0.000000	0.000000	1	0	0
175	24341	1	1	1.002917	0.000000	0.000000	0.000000	0.000000	2	0	0
176	1975	1	0	1.000000	0.000000	0.000000	0.000000	0.000000	1	0	0
177	27	1	1	1.000000	0.000000	0.000000	0.000000	0.000000	1	0	0
178	13898	1	1	1.000000	0.000000	0.000000	0.000000	0.000000	1	0	0
179	13	2	2	2.000000	0.000000	0.000000	0.000000	0.000000	2	0	0
180	8	1	1	1.000000	0.000000	0.000000	0.000000	0.000000	1	0	0
181	1310	1	1	1.000000	0.000000	0.000000	0.000000	0.000000	1	0	0
182	127	2	0	1.267717	0.000000	0.000000	0.000000	0.000000	3	0	0
183	15151	1	1	1.004686	0.000000	0.000000	0.000000	0.000000	2	0	0
184	34	1	1	1.000000	0.000000	0.000000	0.000000	0.000000	1	0	0
185	4192	2	1	1.000477	0.000000	0.000000	0.000000	0.000000	2	0	0
186	13378	1	1	1.000000	0.000000	0.000000	0.000000	0.000000	1	0	0
187	13	1	1	1.000000	0.000000	0.000000	0.000000	0.000000	1	0	0
188	29	1	1	1.000000	0.000000	0.000000	0.000000	0.000000	1	0	0
189	1	1	2	2.000000	0.000000	0.000000	0.000000	0.000000	2	0	0
190	7924	1	1	1.008960	0.000000	0.000000	0.000000	0.000000	2	0	0
191	72	1	2	1.444444	0.000000	0.000000	0.000000	0.000000	2	0	0
192	20603	1	0	1.003446	0.000000	0.000000	0.000000	0.000000	2	0	0
193	12396	1	1	1.000000	0.000000	0.000000	0.000000	0.000000	1	0	0
194	10	2	2	2.000000	0.000000	0.000000	0.000000	0.000000	2	0	0
195	5	1	1	1.000000	0.000000	0.000000	0.000000	0.000000	1	0	0
196	6734	2	1	1.001634	0.000000	0.000000	0.000000	0.000000	2	0	0
197	163	1	1	1.000000	0.000000	0.000000	0.000000	0.000000	1	0	0
198	386	1	1	1.000000	0.000000	0.000000	0.000000	0.000000	1	0	0
199	221	1	1	1.000000	0.000000	0.000000	0.000000	0.000000	1	0	0
200	143	1	1	1.000000	0.000000	0.000000	0.000000	0.000000	1	0	0
201	62	1	1	1.000000	0.000000	0.000000	0.000000	0.000000	1	0	0
202	3546	2	1	1.001410	0.000000	0.000000	0.000000	0.000000	2	0	0
203	2936	1	1	1.000000	0.000000	0.000000	0.000000	0.000000	1	0	0
204	6513	1	0	1.000000	0.000000	0.000000	0.000000	0.000000	1	0	0
205	11113	1	1	1.000000	0.000000	0.000000	0.000000	0.000000	1	0	0
206	493	1	1	1.000000	0.000000	0.000000	0.000000	0.000000	1	0	0
207	161	1	1	1.000000	0.000000	0.000000	0.000000	0.000000	1	0	0
208	3	1	1	1.000000	0.000000	0.000000	0.000000	0.000000	1	0	0
209	76	1	1	1.000000	0.000000	0.000000	0.000000	0.000000	1	0	0
210	74	1	1	1.000000	0.000000	0.000000	0.000000	0.000000	1	0	0
211	95	1	1	1.000000	0.000000	0.000000	0.000000	0.000000	1	0	0
212	171	1	1	1.000000	0.000000	0.000000	0.000000	0.000000	1	0	0
213	12974	0	0	1.005472	0.000000	0.000000	0.000000	0.000000	2	0	0
214	623	1	0	1.000000	0.000000	0.000000	0.000000	0.000000	1	0	0
215	14	2	2	2.000000	0.000000	0.000000	0.000000	0.000000	2	0	0
216	28	1	1	1.000000	0.000000	0.000000	0.000000	0.000000	1	0	0
217	3686	1	1	1.000000	0.000000	0.000000	0.000000	0.000000	1	0	0
218	3	1	2	2.000000	0.000000	0.000000	0.000000	0.000000	2	0	0
219	1	2	2	3.000000	0.000000	0.000000	0.000000	0.000000	3	0	0
220	1	1	1	2.000000	0.000000	0.000000	0.000000	0.000000	2	0	0
221	1	2	2	3.000000	0.000000	0.000000	0.000000	0.000000	3	0	0
222	29	1	1	1.000000	0.000000	0.000000	0.000000	0.000000	1	0	0
223	4	2	1	2.000000	0.000000	0.000000	0.000000	0.000000	2	0	0
224	35	1	1	1.000000	0.000000	0.000000	0.000000	0.000000	1	0	0
225	3	1	2	3.000000	0.000000	0.000000	0.000000	0.000000	3	0	0
226	1	2	2	4.000000	0.000000	0.000000	0.000000	0.000000	4	0	0
227	9	2	1	3.000000	0.000000	0.000000	0.000000	0.000000	3	0	0
228	2	1	1	2.000000	0.000000	0.000000	0.000000	0.000000	2	0	0
229	14	1	1	1.000000	0.000000	0.000000	0.000000	0.000000	1	0	0
230	8	1	1	1.000000	0.000000	0.000000	0.000000	0.000000	1	0	0
231	32	1	1	1.000000	0.000000	0.000000	0.000000	0.000000	1	0	0
232	52	1	1	1.000000	0.000000	0.000000	0.000000	0.000000	1	0	0
233	1	2	2	3.000000	0.000000	0.000000	0.000000	0.000000	3	0	0
234	3	1	1	1.000000	0.000000	0.000000	0.000000	0.000000	1	0	0
235	11	1	2	2.000000	0.000000	0.000000	0.000000	0.000000	2	0	0
236	19	2	1	2.000000	0.000000	0.000000	0.000000	0.000000	2	0	0
237	14	1	1	1.000000	0.000000	0.000000	0.000000	0.000000	1	0	0
238	3554	1	1	1.000000	0.000000	0.000000	0.000000	0.000000	1	0	0
239	5	2	2	2.000000	0.000000	0.000000	0.000000	0.000000	2	0	0
240	331	1	1	1.000000	0.000000	0.000000	0.000000	0.000000	1	0	0
241	2580	1	1	1.000000	0.000000	0.000000	0.000000	0.000000	1	0	0
242	4948	1	1	1.000000	0.000000	0.000000	0.000000	0.000000	1	0	0
243	18	1	1	1.000000	0.000000	0.000000	0.000000	0.000000	1	0	0
244	9202	0	1	1.007172	0.000000	0.000000	0.000000	0.000000	2	0	0
245	9590	1	1	1.007404	0.000000	0.000000	0.000000	0.000000	2	0	0
246	20394	1	0	1.003187	0.000000	0.000000	0.000000	0.000000	2	0	0
247	39	2	2	2.000000	0.000000	0.000000	0.000000	0.000000	2	0	0
248	27	1	1	1.000000	0.000000	0.000000	0.000000	0.000000	1	0	0
249	7590	2	0	1.003426	0.000000	0.000000	0.000000	0.000000	2	0	0
250	8257	2	1	1.000606	0.000000	0.000000	0.000000	0.000000	2	0	0
251	112	1	1	1.000000	0.000000	0.000000	0.000000	0.000000	1	0	0
252	32102	1	2	1.008784	0.000000	0.000000	0.000000	0.000000	4	0	0
253	4427	1	0	1.000000	0.000000	0.000000	0.000000	0.000000	1	0	0
254	25	2	2	2.000000	0.000000	0.000000	0.000000	0.000000	2	0	0
255	62	1	1	1.000000	0.000000	0.000000	0.000000	0.000000	1	0	0
256	118	2	2	1.033898	0.000000	0.000000	0.000000	0.000000	3	0	0
257	15145	1	1	1.000000	0.000000	0.000000	0.000000	0.000000	1	0	0
258	3390	1	2	1.001180	0.000000	0.000000	0.000000	0.000000	2	0	0
259	2	2	2	2.000000	0.000000	0.000000	0.000000	0.000000	2	0	0
260	2248	1	1	1.000000	0.000000	0.000000	0.000000	0.000000	1	0	0
261	4	2	2	2.000000	0.000000	0.000000	0.000000	0.000000	2	0	0
262	15391	0	1	1.004093	0.000000	0.000000	0.000000	0.000000	2	0	0
263	9060	1	0	1.000000	0.000000	0.000000	0.000000	0.000000	1	0	0
264	145	1	2	1.006897	0.000000	0.000000	0.000000	0.000000	2	0	0
265	13	2	2	2.000000	0.000000	0.000000	0.000000	0.000000	2	0	0
266	88	1	1	1.000000	0.000000	0.000000	0.000000	0.000000	1	0	0
267	8966	2	1	1.000892	0.000000	0.000000	0.000000	0.000000	2	0	0
268	62	1	1	1.000000	0.000000	0.000000	0.000000	0.000000	1	0	0
269	52	1	1	1.000000	0.000000	0.000000	0.000000	0.000000	1	0	0
270	187	1	1	1.000000	0.000000	0.000000	0.000000	0.000000	1	0	0
271	101	1	1	1.000000	0.000000	0.000000	0.000000	0.000000	1	0	0
272	37	1	1	1.000000	0.000000	0.000000	0.000000	0.000000	1	0	0
273	3814	1	0	1.000000	0.000000	0.000000	0.000000	0.000000	1	0	0
274	1	2	2	14.000000	0.000000	0.000000	0.000000	0.000000	14	0	0
275	7392	0	1	1.009605	0.000000	0.000000	0.000000	0.000000	2	0	0
276	30118	1	0	1.002357	0.000000	0.000000	0.000000	0.000000	2	0	0
277	4494	1	0	1.015799	0.000000	0.000000	0.000000	0.000000	2	0	0
278	1	1	2	2.000000	0.000000	0.000000	0.000000	0.000000	2	0	0
279	4	2	2	3.000000	0.000000	0.000000	0.000000	0.000000	3	0	0
280	7658	1	1	1.000000	0.000000	0.000000	0.000000	0.000000	1	0	0
281	6	2	2	2.000000	0.000000	0.000000	0.000000	0.000000	2	0	0
282	145	1	1	1.000000	0.000000	0.000000	0.000000	0.000000	1	0	0
283	1648	1	1	1.000000	0.000000	0.000000	0.000000	0.000000	1	0	0
284	4	1	2	4.000000	0.000000	0.000000	0.000000	0.000000	4	0	0
285	8	1	2	5.000000	0.000000	0.000000	0.000000	0.000000	5	0	0
286	3	2	2	6.000000	0.000000	0.000000	0.000000	0.000000	6	0	0
287	1	1	1	5.000000	0.000000	0.000000	0.000000	0.000000	5	0	0
288	2	1	3	7.000000	0.000000	0.000000	0.000000	0.000000	9	0	0
289	4	2	2	14.500000	0.000000	0.000000	0.000000	0.000000	15	0	0
290	27	1	1	1.000000	0.000000	0.000000	0.000000	0.000000	1	0	0
291	2	2	1	15.000000	0.000000	0.000000	0.000000	0.000000	15	0	0
292	10	1	1	14.000000	0.000000	0.000000	0.000000	0.000000	14	0	0
293	2	2	1	5.500000	0.000000	0.000000	0.000000	0.000000	6	0	0
294	1	2	1	4.000000	0.000000	0.000000	0.000000	0.000000	4	0	0
295	7409	1	0	1.000000	0.000000	0.000000	0.000000	0.000000	1	0	0
296	4	2	2	17.000000	0.000000	0.000000	0.000000	0.000000	17	0	0
297	1	2	1	2.000000	0.000000	0.000000	0.000000	0.000000	2	0	0
298	32	1	1	1.000000	0.000000	0.000000	0.000000	0.000000	1	0	0
299	10	2	1	3.000000	0.000000	0.000000	0.000000	0.000000	3	0	0
300	1	2	2	3.000000	0.000000	0.000000	0.000000	0.000000	3	0	0
301	2	1	1	1.000000	0.000000	0.000000	0.000000	0.000000	1	0	0
302	2550	1	1	1.000392	0.000000	0.000000	0.000000	0.000000	2	0	0
303	1	1	2	6.000000	0.000000	0.000000	0.000000	0.000000	6	0	0
304	11	2	1	2.000000	0.000000	0.000000	0.000000	0.000000	2	0	0
305	11486	0	1	1.006181	0.000000	0.000000	0.000000	0.000000	2	0	0
306	3842	1	0	1.000000	0.000000	0.000000	0.000000	0.000000	1	0	0
307	20	2	2	2.000000	0.000000	0.000000	0.000000	0.000000	2	0	0
308	44	1	1	1.000000	0.000000	0.000000	0.000000	0.000000	1	0	0
309	9021	1	1	1.007871	0.000000	0.000000	0.000000	0.000000	2	0	0
310	71	2	0	2.000000	0.000000	0.000000	0.000000	0.000000	2	0	0
311	62	1	1	1.000000	0.000000	0.000000	0.000000	0.000000	1	0	0
312	1	2	2	2.000000	0.000000	0.000000	0.000000	0.000000	2	0	0
313	1023	1	1	1.000000	0.000000	0.000000	0.000000	0.000000	1	0	0
314	28	2	2	2.000000	0.000000	0.000000	0.000000	0.000000	2	0	0
315	432	2	1	1.016204	0.000000	0.000000	0.000000	0.000000	2	0	0
316	61	1	1	1.000000	0.000000	0.000000	0.000000	0.000000	1	0	0
317	4	1	2	2.000000	0.000000	0.000000	0.000000	0.000000	2	0	0
318	5	2	2	3.000000	0.000000	0.000000	0.000000	0.000000	3	0	0
319	203	1	1	1.000000	0.000000	0.000000	0.000000	0.000000	1	0	0
320	4	2	2	2.000000	0.000000	0.000000	0.000000	0.000000	2	0	0
321	256	1	1	1.000000	0.000000	0.000000	0.000000	0.000000	1	0	0
322	10	2	2	2.000000	0.000000	0.000000	0.000000	0.000000	2	0	0
323	171	1	1	1.000000	0.000000	0.000000	0.000000	0.000000	1	0	0
324	2461	2	2	1.003251	0.000000	0.000000	0.000000	0.000000	3	0	0
325	1	1	2	3.000000	0.000000	0.000000	0.000000	0.000000	3	0	0
326	12	1	2	4.000000	0.000000	0.000000	0.000000	0.000000	4	0	0
327	1	2	2	5.000000	0.000000	0.000000	0.000000	0.000000	5	0	0
328	5	2	1	4.000000	0.000000	0.000000	0.000000	0.000000	4	0	0
329	92	1	1	1.391304	0.000000	0.000000	0.000000	0.000000	2	0	0
330	38	1	2	1.052632	0.000000	0.000000	0.000000	0.000000	2	0	0
331	13	2	2	2.000000	0.000000	0.000000	0.000000	0.000000	2	0	0
332	3	1	1	1.000000	0.000000	0.000000	0.000000	0.000000	1	0	0
333	31	2	2	2.000000	0.000000	0.000000	0.000000	0.000000	2	0	0
334	123	1	1	1.000000	0.000000	0.000000	0.000000	0.000000	1	0	0
335	97	1	1	1.000000	0.000000	0.000000	0.000000	0.000000	1	0	0
336	83	1	1	1.000000	0.000000	0.000000	0.000000	0.000000	1	0	0
337	14437	1	2	1.011637	0.000000	0.000000	0.000000	0.000000	2	0	0
338	71	0	2	2.000000	0.000000	0.000000	0.000000	0.000000	2	0	0
339	10321	1	0	1.000000	0.000000	0.000000	0.000000	0.000000	1	0	0
340	13	1	2	1.153846	0.000000	0.000000	0.000000	0.000000	2	0	0
341	376	1	0	1.000000	0.000000	0.000000	0.000000	0.000000	1	0	0
342	4	2	2	2.000000	0.000000	0.000000	0.000000	0.000000	2	0	0
343	83	1	1	1.000000	0.000000	0.000000	0.000000	0.000000	1	0	0
344	3059	2	2	1.005557	0.000000	0.000000	0.000000	0.000000	3	0	0
345	245	1	1	1.000000	0.000000	0.000000	0.000000	0.000000	1	0	0
346	2204	1	1	1.000000	0.000000	0.000000	0.000000	0.000000	1	0	0
347	110	1	1	1.000000	0.000000	0.000000	0.000000	0.000000	1	0	0
348	1193	1	1	1.000000	0.000000	0.000000	0.000000	0.000000	1	0	0
349	146	1	1	1.000000	0.000000	0.000000	0.000000	0.000000	1	0	0
350	311	1	1	1.000000	0.000000	0.000000	0.000000	0.000000	1	0	0
351	12447	1	0	1.000000	0.000000	0.000000	0.000000	0.000000	1	0	0
352	9	1	1	1.000000	0.000000	0.000000	0.000000	0.000000	1	0	0
353	1004	1	1	1.070717	0.000000	0.000000	0.000000	0.000000	2	0	0
354	10120	1	1	1.000000	0.000000	0.000000	0.000000	0.000000	1	0	0
355	10	2	2	2.000000	0.000000	0.000000	0.000000	0.000000	2	0	0
356	26	1	1	1.000000	0.000000	0.000000	0.000000	0.000000	1	0	0
357	1398	1	1	1.000000	0.000000	0.000000	0.000000	0.000000	1	0	0
358	32	1	1	1.000000	0.000000	0.000000	0.000000	0.000000	1	0	0
359	9305	1	0	1.007630	0.000000	0.000000	0.000000	0.000000	2	0	0
360	7700	1	2	1.010649	0.000000	0.000000	0.000000	0.000000	4	0	0
361	3	2	1	2.000000	0.000000	0.000000	0.000000	0.000000	2	0	0
362	5	1	1	1.000000	0.000000	0.000000	0.000000	0.000000	1	0	0
363	6	1	3	3.000000	0.000000	0.000000	0.000000	0.000000	3	0	0
364	355	1	0	1.000000	0.000000	0.000000	0.000000	0.000000	1	0	0
365	60	1	1	1.000000	0.000000	0.000000	0.000000	0.000000	1	0	0
366	4920	1	2	1.043496	0.000000	0.000000	0.000000	0.000000	2	0	0
367	2911	1	1	1.000000	0.000000	0.000000	0.000000	0.000000	1	0	0
368	185	1	2	1.118919	0.000000	0.000000	0.000000	0.000000	2	0	0
369	2254	1	1	1.000000	0.000000	0.000000	0.000000	0.000000	1	0	0
370	40	1	1	1.000000	0.000000	0.000000	0.000000	0.000000	1	0	0
371	9434	1	0	1.000000	0.000000	0.000000	0.000000	0.000000	1	0	0
372	3	2	2	2.000000	0.000000	0.000000	0.000000	0.000000	2	0	0
373	26	1	1	1.000000	0.000000	0.000000	0.000000	0.000000	1	0	0
374	287	2	1	1.128920	0.000000	0.000000	0.000000	0.000000	2	0	0
375	143	1	1	1.000000	0.000000	0.000000	0.000000	0.000000	1	0	0
376	1	2	2	2.000000	0.000000	0.000000	0.000000	0.000000	2	0	0
377	221	1	1	1.000000	0.000000	0.000000	0.000000	0.000000	1	0	0
378	4	2	2	2.000000	0.000000	0.000000	0.000000	0.000000	2	0	0
379	386	1	1	1.000000	0.000000	0.000000	0.000000	0.000000	1	0	0
380	13	2	2	2.000000	0.000000	0.000000	0.000000	0.000000	2	0	0
381	163	1	1	1.000000	0.000000	0.000000	0.000000	0.000000	1	0	0
382	15923	2	0	1.004459	0.000000	0.000000	0.000000	0.000000	2	0	0
383	85	1	1	1.000000	0.000000	0.000000	0.000000	0.000000	1	0	0
384	131	1	1	1.000000	0.000000	0.000000	0.000000	0.000000	1	0	0
385	29	1	1	1.000000	0.000000	0.000000	0.000000	0.000000	1	0	0
386	7577	0	1	1.012406	0.000000	0.000000	0.000000	0.000000	3	0	0
387	460	1	0	1.000000	0.000000	0.000000	0.000000	0.000000	1	0	0
388	2	2	2	2.000000	0.000000	0.000000	0.000000	0.000000	2	0	0
389	59	1	1	1.000000	0.000000	0.000000	0.000000	0.000000	1	0	0
390	4	2	2	2.000000	0.000000	0.000000	0.000000	0.000000	2	0	0
391	49	1	1	1.000000	0.000000	0.000000	0.000000	0.000000	1	0	0
392	24	1	2	1.500000	0.000000	0.000000	0.000000	0.000000	2	0	0
393	59	1	1	1.000000	0.000000	0.000000	0.000000	0.000000	1	0	0
394	49	1	1	1.000000	0.000000	0.000000	0.000000	0.000000	1	0	0
395	1698	1	0	1.041814	0.000000	0.000000	0.000000	0.000000	2	0	0
396	18	2	2	2.000000	0.000000	0.000000	0.000000	0.000000	2	0	0
397	73	1	1	1.000000	0.000000	0.000000	0.000000	0.000000	1	0	0
398	4	1	2	2.000000	0.000000	0.000000	0.000000	0.000000	2	0	0
399	10	2	2	3.000000	0.000000	0.000000	0.000000	0.000000	3	0	0
400	93	1	1	1.000000	0.000000	0.000000	0.000000	0.000000	1	0	0
401	34	2	1	2.000000	0.000000	0.000000	0.000000	0.000000	2	0	0
402	390	1	1	1.000000	0.000000	0.000000	0.000000	0.000000	1	0	0
403	2527	1	1	1.000000	0.000000	0.000000	0.000000	0.000000	1	0	0
404	320	1	1	1.000000	0.000000	0.000000	0.000000	0.000000	1	0	0
405	2626	2	2	1.002285	0.000000	0.000000	0.000000	0.000000	3	0	0
406	8206	0	1	1.008652	0.000000	0.000000	0.000000	0.000000	2	0	0
407	7548	1	0	1.000000	0.000000	0.000000	0.000000	0.000000	1	0	0
408	1	2	2	2.000000	0.000000	0.000000	0.000000	0.000000	2	0	0
409	5097	1	1	1.000000	0.000000	0.000000	0.000000	0.000000	1	0	0
410	49	1	2	2.000000	0.000000	0.000000	0.000000	0.000000	2	0	0
411	11	2	1	2.000000	0.000000	0.000000	0.000000	0.000000	2	0	0
412	37	1	1	1.000000	0.000000	0.000000	0.000000	0.000000	1	0	0
413	3	2	2	2.000000	0.000000	0.000000	0.000000	0.000000	2	0	0
414	608	1	1	1.000000	0.000000	0.000000	0.000000	0.000000	1	0	0
415	4528	1	2	1.000442	0.000000	0.000000	0.000000	0.000000	2	0	0
416	10	1	2	1.100000	0.000000	0.000000	0.000000	0.000000	2	0	0
417	3746	1	0	1.000000	0.000000	0.000000	0.000000	0.000000	1	0	0
418	1	2	2	2.000000	0.000000	0.000000	0.000000	0.000000	2	0	0
419	81	1	1	1.000000	0.000000	0.000000	0.000000	0.000000	1	0	0
420	2888	1	1	1.000000	0.000000	0.000000	0.000000	0.000000	1	0	0
421	7555	1	0	1.000000	0.000000	0.000000	0.000000	0.000000	1	0	0
422	9068	1	0	1.007830	0.000000	0.000000	0.000000	0.000000	2	0	0
423	2516	1	0	1.000000	0.000000	0.000000	0.000000	0.000000	1	0	0
424	62	1	1	1.000000	0.000000	0.000000	0.000000	0.000000	1	0	0
425	12828	1	0	1.000000	0.000000	0.000000	0.000000	0.000000	1	0	0
426	10	2	2	2.000000	0.000000	0.000000	0.000000	0.000000	2	0	0
427	74	1	1	1.000000	0.000000	0.000000	0.000000	0.000000	1	0	0
428	1	2	2	2.000000	0.000000	0.000000	0.000000	0.000000	2	0	0
429	83	1	1	1.000000	0.000000	0.000000	0.000000	0.000000	1	0	0
430	1	2	2	2.000000	0.000000	0.000000	0.000000	0.000000	2	0	0
431	161	1	1	1.000000	0.000000	0.000000	0.000000	0.000000	1	0	0
432	38	1	2	2.000000	0.000000	0.000000	0.000000	0.000000	2	0	0
433	65	1	1	1.000000	0.000000	0.000000	0.000000	0.000000	1	0	0
434	16981	1	0	1.004181	0.000000	0.000000	0.000000	0.000000	2	0	0
435	11880	2	0	1.006061	0.000000	0.000000	0.000000	0.000000	3	0	0
436	368	1	1	1.000000	0.000000	0.000000	0.000000	0.000000	1	0	0
437	873	1	0	1.000000	0.000000	0.000000	0.000000	0.000000	1	0	0
438	6172	2	2	1.019119	0.000000	0.000000	0.000000	0.000000	4	0	0
439	125	2	1	2.000000	0.000000	0.000000	0.000000	0.000000	2	0	0
440	6382	1	1	1.000000	0.000000	0.000000	0.000000	0.000000	1	0	0
441	62	1	1	1.000000	0.000000	0.000000	0.000000	0.000000	1	0	0
442	47	2	2	2.000000	0.000000	0.000000	0.000000	0.000000	2	0	0
443	52	1	1	1.000000	0.000000	0.000000	0.000000	0.000000	1	0	0
444	157	2	2	2.000000	0.000000	0.000000	0.000000	0.000000	2	0	0
445	187	1	1	1.000000	0.000000	0.000000	0.000000	0.000000	1	0	0
446	11	2	2	2.000000	0.000000	0.000000	0.000000	0.000000	2	0	0
447	101	1	1	1.000000	0.000000	0.000000	0.000000	0.000000	1	0	0
448	1	2	2	2.000000	0.000000	0.000000	0.000000	0.000000	2	0	0
449	37	1	1	1.000000	0.000000	0.000000	0.000000	0.000000	1	0	0
450	9112	1	2	1.015584	0.000000	0.000000	0.000000	0.000000	3	0	0
451	4384	1	0	1.000000	0.000000	0.000000	0.000000	0.000000	1	0	0
452	65	1	1	1.000000	0.000000	0.000000	0.000000	0.000000	1	0	0
453	22	2	2	2.000000	0.000000	0.000000	0.000000	0.000000	2	0	0
454	125	1	1	1.000000	0.000000	0.000000	0.000000	0.000000	1	0	0
455	106	2	2	2.000000	0.000000	0.000000	0.000000	0.000000	2	0	0
456	77	1	1	1.000000	0.000000	0.000000	0.000000	0.000000	1	0	0
457	71	0	2	2.000000	0.000000	0.000000	0.000000	0.000000	2	0	0
458	128	1	0	1.000000	0.000000	0.000000	0.000000	0.000000	1	0	0
459	651	1	2	1.010753	0.000000	0.000000	0.000000	0.000000	2	0	0
460	35	1	2	1.200000	0.000000	0.000000	0.000000	0.000000	2	0	0
461	2503	2	0	1.028765	0.000000	0.000000	0.000000	0.000000	2	0	0
462	154	1	1	1.000000	0.000000	0.000000	0.000000	0.000000	1	0	0
463	100	2	2	2.000000	0.000000	0.000000	0.000000	0.000000	2	0	0
464	86	1	1	1.000000	0.000000	0.000000	0.000000	0.000000	1	0	0
465	12742	1	2	1.018678	0.000000	0.000000	0.000000	0.000000	5	0	0
466	7675	1	1	1.000000	0.000000	0.000000	0.000000	0.000000	1	0	0
467	57	2	2	2.000000	0.000000	0.000000	0.000000	0.000000	2	0	0
468	131	1	1	1.000000	0.000000	0.000000	0.000000	0.000000	1	0	0
469	71	0	2	2.000000	0.000000	0.000000	0.000000	0.000000	2	0	0
470	976	1	0	1.001025	0.000000	0.000000	0.000000	0.000000	2	0	0
471	1	2	2	3.000000	0.000000	0.000000	0.000000	0.000000	3	0	0
472	1	1	1	2.000000	0.000000	0.000000	0.000000	0.000000	2	0	0
473	12	1	2	3.000000	0.000000	0.000000	0.000000	0.000000	3	0	0
474	1	2	2	4.000000	0.000000	0.000000	0.000000	0.000000	4	0	0
475	9	2	1	3.000000	0.000000	0.000000	0.000000	0.000000	3	0	0
476	46	1	1	1.000000	0.000000	0.000000	0.000000	0.000000	1	0	0
477	7	2	2	2.000000	0.000000	0.000000	0.000000	0.000000	2	0	0
478	61	1	1	1.000000	0.000000	0.000000	0.000000	0.000000	1	0	0
479	2	2	2	2.000000	0.000000	0.000000	0.000000	0.000000	2	0	0
480	2776	1	1	1.000000	0.000000	0.000000	0.000000	0.000000	1	0	0
481	36	1	1	1.000000	0.000000	0.000000	0.000000	0.000000	1	0	0
482	1829	1	1	1.000000	0.000000	0.000000	0.000000	0.000000	1	0	0
483	4428	1	0	1.000000	0.000000	0.000000	0.000000	0.000000	1	0	0
484	7	2	2	6.000000	0.000000	0.000000	0.000000	0.000000	6	0	0
485	5	1	1	5.000000	0.000000	0.000000	0.000000	0.000000	5	0	0
486	3715	1	1	1.019112	0.000000	0.000000	0.000000	0.000000	2	0	0
487	8928	0	0	1.007953	0.000000	0.000000	0.000000	0.000000	2	0	0
488	166	1	2	1.006024	0.000000	0.000000	0.000000	0.000000	2	0	0
489	33	1	1	1.030303	0.000000	0.000000	0.000000	0.000000	2	0	0
490	216	1	0	1.000000	0.000000	0.000000	0.000000	0.000000	1	0	0
491	12	1	2	2.000000	0.000000	0.000000	0.000000	0.000000	2	0	0
492	4	2	2	3.000000	0.000000	0.000000	0.000000	0.000000	3	0	0
493	8	1	1	2.000000	0.000000	0.000000	0.000000	0.000000	2	0	0
494	4	2	2	3.000000	0.000000	0.000000	0.000000	0.000000	3	0	0
495	5	1	1	1.000000	0.000000	0.000000	0.000000	0.000000	1	0	0
496	29	1	1	1.000000	0.000000	0.000000	0.000000	0.000000	1	0	0
497	19	2	1	2.000000	0.000000	0.000000	0.000000	0.000000	2	0	0
498	10	1	1	1.000000	0.000000	0.000000	0.000000	0.000000	1	0	0
499	4318	1	1	1.000000	0.000000	0.000000	0.000000	0.000000	1	0	0
500	4	2	1	14.000000	0.000000	0.000000	0.000000	0.000000	14	0	0
501	10	1	1	13.000000	0.000000	0.000000	0.000000	0.000000	13	0	0
502	863	1	0	1.000000	0.000000	0.000000	0.000000	0.000000	1	0	0
503	1	2	1	2.000000	0.000000	0.000000	0.000000	0.000000	2	0	0
504	162	1	1	1.000000	0.000000	0.000000	0.000000	0.000000	1	0	0
505	7	2	2	2.000000	0.000000	0.000000	0.000000	0.000000	2	0	0
506	311	1	1	1.000000	0.000000	0.000000	0.000000	0.000000	1	0	0
507	1	2	2	2.000000	0.000000	0.000000	0.000000	0.000000	2	0	0
508	146	1	1	1.000000	0.000000	0.000000	0.000000	0.000000	1	0	0
509	10	2	2	2.000000	0.000000	0.000000	0.000000	0.000000	2	0	0
510	1193	1	1	1.000000	0.000000	0.000000	0.000000	0.000000	1	0	0
511	1	2	2	2.000000	0.000000	0.000000	0.000000	0.000000	2	0	0
512	110	1	1	1.000000	0.000000	0.000000	0.000000	0.000000	1	0	0
513	1	2	2	2.000000	0.000000	0.000000	0.000000	0.000000	2	0	0
514	2226	1	1	1.000000	0.000000	0.000000	0.000000	0.000000	1	0	0
515	16	2	2	2.000000	0.000000	0.000000	0.000000	0.000000	2	0	0
516	275	1	1	1.000000	0.000000	0.000000	0.000000	0.000000	1	0	0
517	4551	2	0	1.015601	0.000000	0.000000	0.000000	0.000000	2	0	0
518	56	1	1	1.000000	0.000000	0.000000	0.000000	0.000000	1	0	0
519	29	1	1	1.000000	0.000000	0.000000	0.000000	0.000000	1	0	0
520	38	1	1	1.000000	0.000000	0.000000	0.000000	0.000000	1	0	0
521	87	1	1	1.000000	0.000000	0.000000	0.000000	0.000000	1	0	0
522	1	1	3	3.000000	0.000000	0.000000	0.000000	0.000000	3	0	0
523	634	1	1	1.000000	0.000000	0.000000	0.000000	0.000000	1	0	0
524	22	2	2	2.000000	0.000000	0.000000	0.000000	0.000000	2	0	0
525	1	1	1	1.000000	0.000000	0.000000	0.000000	0.000000	1	0	0
526	1	2	2	2.000000	0.000000	0.000000	0.000000	0.000000	2	0	0
527	3344	1	1	1.000000	0.000000	0.000000	0.000000	0.000000	1	0	0
528	45	1	2	1.200000	0.000000	0.000000	0.000000	0.000000	2	0	0
529	4957	1	0	1.000000	0.000000	0.000000	0.000000	0.000000	1	0	0
530	1	2	2	2.000000	0.000000	0.000000	0.000000	0.000000	2	0	0
531	27	1	1	1.000000	0.000000	0.000000	0.000000	0.000000	1	0	0
532	5	2	2	3.000000	0.000000	0.000000	0.000000	0.000000	3	0	0
533	66	1	1	1.000000	0.000000	0.000000	0.000000	0.000000	1	0	0
534	14	2	2	2.000000	0.000000	0.000000	0.000000	0.000000	2	0	0
535	22	1	1	1.000000	0.000000	0.000000	0.000000	0.000000	1	0	0
536	5133	1	1	1.013832	0.000000	0.000000	0.000000	0.000000	2	0	0
537	434	1	0	1.000000	0.000000	0.000000	0.000000	0.000000	1	0	0
538	157	1	0	1.000000	0.000000	0.000000	0.000000	0.000000	1	0	0
539	2594	1	2	1.050116	0.000000	0.000000	0.000000	0.000000	2	0	0
540	40	2	2	2.000000	0.000000	0.000000	0.000000	0.000000	2	0	0
541	38	1	1	1.000000	0.000000	0.000000	0.000000	0.000000	1	0	0
542	4836	1	0	1.014682	0.000000	0.000000	0.000000	0.000000	2	0	0
543	1812	1	0	1.000000	0.000000	0.000000	0.000000	0.000000	1	0	0
544	2	2	2	2.000000	0.000000	0.000000	0.000000	0.000000	2	0	0
545	2827	1	1	1.000000	0.000000	0.000000	0.000000	0.000000	1	0	0
546	10	2	2	2.000000	0.000000	0.000000	0.000000	0.000000	2	0	0
547	323	1	1	1.000000	0.000000	0.000000	0.000000	0.000000	1	0	0
548	29	1	1	1.000000	0.000000	0.000000	0.000000	0.000000	1	0	0
549	313	2	2	2.000000	0.000000	0.000000	0.000000	0.000000	2	0	0
550	83	1	1	1.000000	0.000000	0.000000	0.000000	0.000000	1	0	0
551	4019	1	0	1.000000	0.000000	0.000000	0.000000	0.000000	1	0	0
552	10	2	2	2.000000	0.000000	0.000000	0.000000	0.000000	2	0	0
553	368	1	1	1.000000	0.000000	0.000000	0.000000	0.000000	1	0	0
554	1152	0	1	1.061632	0.000000	0.000000	0.000000	0.000000	2	0	0
555	2488	1	0	1.000000	0.000000	0.000000	0.000000	0.000000	1	0	0
556	27	1	2	1.037037	0.000000	0.000000	0.000000	0.000000	2	0	0
557	6	2	2	2.000000	0.000000	0.000000	0.000000	0.000000	2	0	0
558	30	1	1	1.000000	0.000000	0.000000	0.000000	0.000000	1	0	0
559	3	1	1	1.000000	0.000000	0.000000	0.000000	0.000000	1	0	0
560	343	2	0	1.206997	0.000000	0.000000	0.000000	0.000000	2	0	0
561	47	1	1	1.000000	0.000000	0.000000	0.000000	0.000000	1	0	0
562	55	2	2	2.000000	0.000000	0.000000	0.000000	0.000000	2	0	0
563	333	1	1	1.000000	0.000000	0.000000	0.000000	0.000000	1	0	0
564	6	2	2	2.000000	0.000000	0.000000	0.000000	0.000000	2	0	0
565	125	1	1	1.000000	0.000000	0.000000	0.000000	0.000000	1	0	0
566	190	2	2	2.000000	0.000000	0.000000	0.000000	0.000000	2	0	0
567	65	1	1	1.000000	0.000000	0.000000	0.000000	0.000000	1	0	0
568	7	2	2	2.000000	0.000000	0.000000	0.000000	0.000000	2	0	0
569	541	1	1	1.000000	0.000000	0.000000	0.000000	0.000000	1	0	0
570	2	2	2	2.000000	0.000000	0.000000	0.000000	0.000000	2	0	0
571	59	1	1	1.000000	0.000000	0.000000	0.000000	0.000000	1	0	0
572	2	2	2	2.000000	0.000000	0.000000	0.000000	0.000000	2	0	0
573	71	1	1	1.000000	0.000000	0.000000	0.000000	0.000000	1	0	0
574	96	2	2	2.000000	0.000000	0.000000	0.000000	0.000000	2	0	0
575	274	1	1	1.000000	0.000000	0.000000	0.000000	0.000000	1	0	0
576	11	2	2	2.000000	0.000000	0.000000	0.000000	0.000000	2	0	0
577	101	0	1	1.000000	0.000000	0.000000	0.000000	0.000000	1	0	0
578	83	1	1	1.000000	0.000000	0.000000	0.000000	0.000000	1	0	0
579	86	1	1	1.000000	0.000000	0.000000	0.000000	0.000000	1	0	0
580	5198	1	0	1.000000	0.000000	0.000000	0.000000	0.000000	1	0	0
581	3	1	2	2.000000	0.000000	0.000000	0.000000	0.000000	2	0	0
582	1	1	2	3.000000	0.000000	0.000000	0.000000	0.000000	3	0	0
583	1	1	2	5.000000	0.000000	0.000000	0.000000	0.000000	5	0	0
584	11	2	1	6.000000	0.000000	0.000000	0.000000	0.000000	6	0	0
585	2	3	1	5.000000	0.000000	0.000000	0.000000	0.000000	5	0	0
586	24	2	1	2.000000	0.000000	0.000000	0.000000	0.000000	2	0	0
587	3	1	2	2.000000	0.000000	0.000000	0.000000	0.000000	2	0	0
588	2	1	3	4.000000	0.000000	0.000000	0.000000	0.000000	4	0	0
589	1	2	3	16.000000	0.000000	0.000000	0.000000	0.000000	16	0	0
590	1	2	1	2.000000	0.000000	0.000000	0.000000	0.000000	2	0	0
591	45	1	1	1.000000	0.000000	0.000000	0.000000	0.000000	1	0	0
592	8	2	2	17.000000	0.000000	0.000000	0.000000	0.000000	17	0	0
593	2	1	2	15.000000	0.000000	0.000000	0.000000	0.000000	15	0	0
594	7	2	1	15.000000	0.000000	0.000000	0.000000	0.000000	15	0	0
595	1	1	1	7.000000	0.000000	0.000000	0.000000	0.000000	7	0	0
596	1	2	2	8.000000	0.000000	0.000000	0.000000	0.000000	8	0	0
597	1	2	1	7.000000	0.000000	0.000000	0.000000	0.000000	7	0	0
598	1	3	1	6.000000	0.000000	0.000000	0.000000	0.000000	6	0	0
599	1	2	1	3.000000	0.000000	0.000000	0.000000	0.000000	3	0	0
600	1	1	1	2.000000	0.000000	0.000000	0.000000	0.000000	2	0	0
601	1	3	2	3.000000	0.000000	0.000000	0.000000	0.000000	3	0	0
602	24	2	2	2.000000	0.000000	0.000000	0.000000	0.000000	2	0	0
603	26	1	1	1.000000	0.000000	0.000000	0.000000	0.000000	1	0	0
604	2209	1	1	1.000000	0.000000	0.000000	0.000000	0.000000	1	0	0
605	8	2	2	2.000000	0.000000	0.000000	0.000000	0.000000	2	0	0
606	28	1	1	1.000000	0.000000	0.000000	0.000000	0.000000	1	0	0
607	1950	1	0	1.000000	0.000000	0.000000	0.000000	0.000000	1	0	0
608	24	2	2	2.000000	0.000000	0.000000	0.000000	0.000000	2	0	0
609	60	1	1	1.000000	0.000000	0.000000	0.000000	0.000000	1	0	0
610	1	1	2	2.000000	0.000000	0.000000	0.000000	0.000000	2	0	0
611	1	1	2	8.000000	0.000000	0.000000	0.000000	0.000000	8	0	0
612	29	1	1	1.000000	0.000000	0.000000	0.000000	0.000000	1	0	0
613	5	2	2	7.000000	0.000000	0.000000	0.000000	0.000000	7	0	0
614	6	1	2	7.000000	0.000000	0.000000	0.000000	0.000000	7	0	0
615	4	1	2	7.250000	0.000000	0.000000	0.000000	0.000000	8	0	0
616	1	1	2	9.000000	0.000000	0.000000	0.000000	0.000000	9	0	0
617	9	2	2	10.000000	0.000000	0.000000	0.000000	0.000000	10	0	0
618	1	3	1	9.000000	0.000000	0.000000	0.000000	0.000000	9	0	0
619	97	1	1	1.000000	0.000000	0.000000	0.000000	0.000000	1	0	0
620	7	2	2	2.000000	0.000000	0.000000	0.000000	0.000000	2	0	0
621	29	1	1	1.000000	0.000000	0.000000	0.000000	0.000000	1	0	0
622	46	2	2	2.000000	0.000000	0.000000	0.000000	0.000000	2	0	0
623	38	1	1	1.000000	0.000000	0.000000	0.000000	0.000000	1	0	0
624	1	2	2	2.000000	0.000000	0.000000	0.000000	0.000000	2	0	0
625	87	1	1	1.000000	0.000000	0.000000	0.000000	0.000000	1	0	0
626	97	0	2	2.000000	0.000000	0.000000	0.000000	0.000000	2	0	0
627	2050	1	0	1.000000	0.000000	0.000000	0.000000	0.000000	1	0	0
628	112	1	1	1.000000	0.000000	0.000000	0.000000	0.000000	1	0	0
629	799	2	0	1.008761	0.000000	0.000000	0.000000	0.000000	2	0	0
630	88	1	1	1.000000	0.000000	0.000000	0.000000	0.000000	1	0	0
631	133	2	2	2.000000	0.000000	0.000000	0.000000	0.000000	2	0	0
632	224	1	1	1.000000	0.000000	0.000000	0.000000	0.000000	1	0	0
633	4	2	2	2.000000	0.000000	0.000000	0.000000	0.000000	2	0	0
634	41	1	1	1.000000	0.000000	0.000000	0.000000	0.000000	1	0	0
635	22	2	2	2.000000	0.000000	0.000000	0.000000	0.000000	2	0	0
636	86	1	1	1.000000	0.000000	0.000000	0.000000	0.000000	1	0	0
637	61	2	2	2.000000	0.000000	0.000000	0.000000	0.000000	2	0	0
638	152	1	1	1.000000	0.000000	0.000000	0.000000	0.000000	1	0	0
639	82	2	2	2.000000	0.000000	0.000000	0.000000	0.000000	2	0	0
640	80	1	1	1.000000	0.000000	0.000000	0.000000	0.000000	1	0	0
641	97	2	2	2.000000	0.000000	0.000000	0.000000	0.000000	2	0	0
642	251	1	1	1.000000	0.000000	0.000000	0.000000	0.000000	1	0	0
643	1550	0	2	1.045806	0.000000	0.000000	0.000000	0.000000	2	0	0
644	1452	1	0	1.000000	0.000000	0.000000	0.000000	0.000000	1	0	0
645	455	2	1	1.158242	0.000000	0.000000	0.000000	0.000000	2	0	0
646	603	1	1	1.000000	0.000000	0.000000	0.000000	0.000000	1	0	0
647	7	2	2	2.000000	0.000000	0.000000	0.000000	0.000000	2	0	0
648	98	0	1	1.000000	0.000000	0.000000	0.000000	0.000000	1	0	0
649	128	1	1	1.000000	0.000000	0.000000	0.000000	0.000000	1	0	0
650	80	1	1	1.000000	0.000000	0.000000	0.000000	0.000000	1	0	0
651	152	1	1	1.000000	0.000000	0.000000	0.000000	0.000000	1	0	0
652	86	1	1	1.000000	0.000000	0.000000	0.000000	0.000000	1	0	0
653	41	1	1	1.000000	0.000000	0.000000	0.000000	0.000000	1	0	0
654	224	1	1	1.000000	0.000000	0.000000	0.000000	0.000000	1	0	0
655	88	1	1	1.000000	0.000000	0.000000	0.000000	0.000000	1	0	0
656	505	1	0	1.000000	0.000000	0.000000	0.000000	0.000000	1	0	0
657	1385	1	0	1.000000	0.000000	0.000000	0.000000	0.000000	1	0	0
658	45	2	2	2.000000	0.000000	0.000000	0.000000	0.000000	2	0	0
659	28	1	1	1.000000	0.000000	0.000000	0.000000	0.000000	1	0	0
660	609	1	1	1.000000	0.000000	0.000000	0.000000	0.000000	1	0	0
661	98	0	1	1.000000	0.000000	0.000000	0.000000	0.000000	1	0	0
662	28	1	1	1.000000	0.000000	0.000000	0.000000	0.000000	1	0	0
663	271	1	1	1.000000	0.000000	0.000000	0.000000	0.000000	1	0	0
664	125	1	1	1.000000	0.000000	0.000000	0.000000	0.000000	1	0	0
665	65	1	1	1.000000	0.000000	0.000000	0.000000	0.000000	1	0	0
666	225	1	1	1.000000	0.000000	0.000000	0.000000	0.000000	1	0	0
667	2	1	2	2.000000	0.000000	0.000000	0.000000	0.000000	2	0	0
668	1	4	4	79.000000	0.000000	0.000000	0.000000	0.000000	79	0	0
669	1	3	1	3.000000	0.000000	0.000000	0.000000	0.000000	3	0	0
670	137	1	1	1.000000	0.000000	0.000000	0.000000	0.000000	1	0	0
671	59	1	1	1.000000	0.000000	0.000000	0.000000	0.000000	1	0	0
672	71	1	1	1.000000	0.000000	0.000000	0.000000	0.000000	1	0	0
673	196	1	1	1.000000	0.000000	0.000000	0.000000	0.000000	1	0	0
674	101	0	1	1.000000	0.000000	0.000000	0.000000	0.000000	1	0	0
